0 0.308130 0.220027 0.196748 0.039510
0 0.519919 0.219346 0.189431 0.038147
0 0.734146 0.222752 0.201626 0.044959
0 0.909350 0.222752 0.090244 0.042234
0 0.054065 0.260218 0.104878 0.040872
0 0.221951 0.261580 0.173984 0.040872
0 0.312602 0.303815 0.189431 0.043597
0 0.303659 0.342643 0.186179 0.039510
0 0.538618 0.344687 0.187805 0.040872
0 0.775610 0.343324 0.180488 0.040872
0 0.925610 0.346049 0.114634 0.040872
0 0.163008 0.384196 0.165041 0.040872
0 0.040244 0.388283 0.075610 0.040872
0 0.280894 0.425068 0.160163 0.035422
0 0.527236 0.427793 0.234959 0.040872
0 0.770732 0.427112 0.156098 0.042234
0 0.281707 0.468665 0.156911 0.035422
0 0.527642 0.468665 0.234146 0.040872
0 0.769919 0.467302 0.156098 0.043597
0 0.382927 0.508856 0.141463 0.039510
0 0.603252 0.509537 0.175610 0.043597
0 0.802846 0.508174 0.124390 0.038147
0 0.037398 0.549728 0.073171 0.034060
0 0.236992 0.552452 0.228455 0.042234
0 0.502846 0.550409 0.174797 0.040872
0 0.355285 0.590599 0.175610 0.039510
0 0.554472 0.590599 0.170732 0.039510
0 0.756911 0.591962 0.182114 0.039510
0 0.917886 0.591281 0.087805 0.040872
0 0.254472 0.632153 0.185366 0.040872
0 0.059756 0.632834 0.117886 0.036785
0 0.334959 0.674387 0.182114 0.038147
0 0.506911 0.674387 0.155285 0.038147
0 0.674390 0.674387 0.173171 0.040872
0 0.854065 0.675749 0.178049 0.040872
0 0.077236 0.715259 0.152846 0.043597
0 0.307317 0.756812 0.196748 0.039510
0 0.519919 0.756812 0.187805 0.036785
0 0.733333 0.756812 0.203252 0.042234
0 0.053659 0.797684 0.105691 0.039510
0 0.221545 0.797003 0.171545 0.038147
0 0.389431 0.839918 0.160976 0.039510
0 0.559756 0.840599 0.171545 0.040872
0 0.703659 0.840599 0.108130 0.040872
0 0.844715 0.839237 0.167480 0.038147
0 0.040244 0.879428 0.078862 0.044959
0 0.281301 0.921662 0.159350 0.039510
0 0.526829 0.920300 0.235772 0.042234
0 0.769919 0.922343 0.156098 0.040872
