0 0.329951 0.226158 0.229708 0.040872
0 0.335633 0.267030 0.181006 0.040872
0 0.506494 0.267711 0.155844 0.039510
0 0.673701 0.265668 0.172078 0.035422
0 0.852679 0.266349 0.177760 0.036785
0 0.077922 0.307902 0.152597 0.040872
0 0.308442 0.349455 0.196429 0.039510
0 0.519481 0.349455 0.188312 0.042234
0 0.733360 0.349455 0.202110 0.039510
0 0.054789 0.389646 0.106331 0.040872
0 0.222403 0.390327 0.172078 0.042234
0 0.335227 0.431880 0.181818 0.040872
0 0.507305 0.431199 0.154221 0.039510
0 0.673701 0.431199 0.172078 0.039510
0 0.852679 0.431880 0.177760 0.038147
0 0.078734 0.472071 0.150974 0.036785
0 0.344156 0.513624 0.266234 0.038147
0 0.554383 0.513624 0.147727 0.038147
0 0.355925 0.554496 0.174513 0.038147
0 0.554383 0.553815 0.167208 0.039510
0 0.756494 0.554496 0.180195 0.038147
0 0.061688 0.594687 0.116883 0.039510
0 0.254870 0.593324 0.183442 0.034060
0 0.353896 0.637602 0.180195 0.038147
0 0.540179 0.636921 0.187500 0.039510
0 0.699269 0.638965 0.124188 0.040872
0 0.852273 0.637602 0.176948 0.040872
0 0.088068 0.677793 0.171266 0.039510
0 0.301542 0.718665 0.182630 0.036785
0 0.505276 0.718665 0.166396 0.039510
0 0.709416 0.720708 0.204545 0.040872
0 0.894886 0.719346 0.109578 0.040872
0 0.189935 0.759537 0.172078 0.036785
0 0.038555 0.760218 0.072240 0.038147
0 0.382711 0.802452 0.140422 0.038147
0 0.603490 0.801771 0.172890 0.036785
0 0.802354 0.801771 0.122565 0.036785
0 0.038555 0.844005 0.072240 0.034060
0 0.237013 0.841281 0.227273 0.039510
0 0.502841 0.844005 0.171266 0.042234
0 0.343750 0.883515 0.265422 0.039510
0 0.553977 0.884196 0.145292 0.038147
0 0.576705 0.927112 0.182630 0.039510
0 0.391234 0.924387 0.185065 0.039510
