0 0.407005 0.927885 0.176329 0.045330
0 0.314412 0.888049 0.182770 0.042582
0 0.405395 0.843407 0.176329 0.041209
0 0.290660 0.802198 0.172303 0.041209
0 0.314412 0.763736 0.182770 0.046703
0 0.405797 0.720467 0.175523 0.039835
0 0.314412 0.679258 0.182770 0.039835
0 0.314412 0.638049 0.182770 0.042582
0 0.314815 0.598214 0.180354 0.048077
0 0.406200 0.553571 0.174718 0.038462
0 0.479066 0.513736 0.252818 0.046703
0 0.346216 0.470467 0.175523 0.042582
0 0.265298 0.429945 0.187601 0.041209
0 0.071659 0.429258 0.132045 0.039835
0 0.483897 0.428571 0.185185 0.041209
0 0.435990 0.387363 0.168277 0.041209
0 0.485507 0.346154 0.183575 0.046703
0 0.264493 0.343407 0.185990 0.038462
0 0.072061 0.344780 0.131240 0.035714
0 0.406200 0.262363 0.174718 0.041209
0 0.484702 0.221154 0.185185 0.043956
0 0.265298 0.222527 0.187601 0.041209
0 0.072061 0.221841 0.131240 0.042582
0 0.678341 0.218407 0.136071 0.038462
0 0.678341 0.344780 0.136071 0.038462
0 0.678744 0.427885 0.136876 0.042582
