0 0.060289 0.224796 0.115756 0.038147
0 0.239148 0.224114 0.163183 0.039510
0 0.368971 0.265668 0.200965 0.040872
0 0.610531 0.265668 0.204984 0.043597
0 0.838826 0.263624 0.174437 0.036785
0 0.229904 0.306540 0.192926 0.040872
0 0.449357 0.307902 0.168810 0.038147
0 0.485932 0.348774 0.176045 0.043597
0 0.725482 0.348774 0.179260 0.038147
0 0.891077 0.349455 0.118167 0.042234
0 0.225884 0.389646 0.255627 0.038147
0 0.447347 0.388965 0.158360 0.036785
0 0.319132 0.431880 0.154341 0.043597
0 0.475080 0.431880 0.149518 0.043597
0 0.639068 0.432561 0.168810 0.044959
0 0.803457 0.431199 0.151929 0.042234
0 0.932878 0.431880 0.095659 0.043597
0 0.353698 0.512943 0.204180 0.042234
0 0.569132 0.512262 0.162379 0.046322
0 0.773312 0.514305 0.173633 0.039510
0 0.060289 0.551771 0.118971 0.043597
0 0.247186 0.554496 0.177653 0.038147
0 0.319132 0.594005 0.152733 0.035422
0 0.475884 0.596730 0.151125 0.040872
0 0.639068 0.596730 0.170418 0.043597
0 0.803055 0.595368 0.151125 0.040872
0 0.932074 0.595368 0.097267 0.046322
0 0.353698 0.681199 0.202572 0.043597
0 0.568328 0.677793 0.162379 0.039510
0 0.772508 0.678474 0.176849 0.038147
0 0.061495 0.720027 0.114952 0.039510
0 0.239550 0.720027 0.162379 0.042234
0 0.399116 0.762262 0.168006 0.036785
0 0.630225 0.760218 0.175241 0.038147
0 0.863344 0.758174 0.147910 0.042234
0 0.244775 0.801090 0.187299 0.038147
0 0.045418 0.801771 0.082797 0.042234
0 0.448553 0.843324 0.210611 0.043597
0 0.319132 0.884877 0.154341 0.039510
0 0.475482 0.885559 0.151929 0.038147
0 0.639068 0.884196 0.168810 0.043597
0 0.803859 0.885559 0.155949 0.043597
0 0.043810 0.923706 0.081190 0.032698
0 0.932074 0.880790 0.097267 0.036785
