0 0.077488 0.219093 0.153344 0.039835
0 0.332382 0.261676 0.173736 0.039835
0 0.537113 0.262363 0.176998 0.041209
0 0.745106 0.261676 0.183524 0.045330
0 0.910685 0.261676 0.110114 0.039835
0 0.183116 0.302885 0.160685 0.039835
0 0.038336 0.302198 0.071778 0.043956
0 0.345432 0.469780 0.266721 0.041209
0 0.565661 0.470467 0.165579 0.039835
0 0.725938 0.468407 0.148450 0.041209
0 0.331566 0.512363 0.230832 0.041209
0 0.336460 0.553571 0.181892 0.041209
0 0.508564 0.553571 0.155791 0.041209
0 0.676998 0.554258 0.174551 0.042582
0 0.856852 0.553571 0.180261 0.041209
0 0.335644 0.635989 0.183524 0.041209
0 0.508972 0.638736 0.154976 0.041209
0 0.677406 0.636676 0.172104 0.042582
0 0.857259 0.635302 0.179445 0.039835
0 0.077896 0.677198 0.152529 0.038462
0 0.270392 0.719093 0.191680 0.042582
0 0.335644 0.760989 0.229201 0.038462
0 0.606036 0.760302 0.238173 0.039835
0 0.332382 0.801511 0.175367 0.039835
0 0.535889 0.800824 0.176183 0.041209
0 0.745106 0.803571 0.185155 0.046703
0 0.909869 0.801511 0.105220 0.042582
0 0.184747 0.842033 0.159054 0.038462
0 0.037520 0.842720 0.073409 0.037088
0 0.331158 0.884615 0.233279 0.043956
0 0.736134 0.925824 0.206362 0.041209
0 0.522431 0.926511 0.188418 0.042582
0 0.310359 0.928571 0.196574 0.043956
