0 0.421774 0.223720 0.253226 0.037736
0 0.334677 0.265499 0.211290 0.040431
0 0.503226 0.267520 0.120968 0.039084
0 0.288710 0.306604 0.180645 0.041779
0 0.504839 0.346361 0.119355 0.037736
0 0.335484 0.347035 0.211290 0.039084
0 0.289113 0.387466 0.178226 0.039084
0 0.363710 0.431267 0.164516 0.040431
0 0.565323 0.431267 0.158065 0.043127
0 0.746774 0.427898 0.158065 0.044474
0 0.904839 0.428571 0.104839 0.043127
0 0.289516 0.510782 0.179032 0.037736
0 0.293145 0.552561 0.191129 0.043127
0 0.520565 0.552561 0.257258 0.045822
0 0.764113 0.552561 0.228226 0.045822
0 0.907661 0.511456 0.000806 0.001348
0 0.153226 0.590970 0.153226 0.036388
0 0.928629 0.551213 0.094355 0.037736
0 0.328226 0.633423 0.182258 0.043127
0 0.553226 0.634097 0.195161 0.044474
0 0.364113 0.673854 0.165323 0.037736
0 0.566129 0.674528 0.159677 0.039084
0 0.747984 0.675876 0.155645 0.044474
0 0.902419 0.673854 0.104839 0.043127
0 0.327823 0.756065 0.183065 0.040431
0 0.554032 0.754717 0.195161 0.040431
0 0.328226 0.797844 0.156452 0.040431
0 0.528629 0.798518 0.237903 0.041779
0 0.307661 0.877358 0.175000 0.045822
0 0.725806 0.877358 0.159677 0.043127
0 0.170565 0.918464 0.170161 0.041779
