0 0.347600 0.272177 0.176800 0.041667
0 0.534400 0.269489 0.193600 0.036290
0 0.764800 0.269489 0.262400 0.041667
0 0.063200 0.309812 0.121600 0.036290
0 0.332800 0.350806 0.174400 0.040323
0 0.514800 0.352151 0.181600 0.040323
0 0.694800 0.352151 0.175200 0.040323
0 0.300400 0.393145 0.168800 0.044355
0 0.638800 0.392473 0.152800 0.034946
0 0.472000 0.393145 0.172800 0.041667
0 0.346800 0.473790 0.194400 0.038978
0 0.532400 0.473118 0.170400 0.040323
0 0.702400 0.474462 0.164800 0.043011
0 0.862400 0.472446 0.147200 0.038978
0 0.276000 0.553763 0.171200 0.040323
0 0.438400 0.553091 0.152000 0.038978
0 0.610800 0.555780 0.188000 0.044355
0 0.787600 0.553763 0.165600 0.037634
0 0.918000 0.554435 0.098400 0.033602
0 0.038000 0.598118 0.071200 0.040323
0 0.320400 0.636425 0.215200 0.041667
0 0.606800 0.638441 0.188000 0.037634
0 0.395600 0.716398 0.167200 0.040323
0 0.626800 0.718414 0.175200 0.044355
0 0.860400 0.718414 0.148000 0.047043
0 0.241200 0.758737 0.188000 0.047043
0 0.044000 0.761425 0.081600 0.041667
0 0.326000 0.798387 0.154400 0.040323
0 0.528000 0.799059 0.241600 0.044355
0 0.321200 0.881048 0.216800 0.044355
0 0.605600 0.880376 0.190400 0.045699
