0 0.360932 0.264266 0.163987 0.042120
0 0.562299 0.264946 0.156752 0.040761
0 0.743971 0.266984 0.156752 0.047554
0 0.899518 0.264946 0.104502 0.043478
0 0.036576 0.307745 0.071543 0.039402
0 0.419614 0.349185 0.252412 0.043478
0 0.656752 0.430027 0.186495 0.042120
0 0.834405 0.430027 0.162379 0.039402
0 0.098875 0.469429 0.115756 0.033967
0 0.427251 0.510870 0.176045 0.038043
0 0.326367 0.550951 0.233119 0.036685
0 0.325563 0.595788 0.154341 0.047554
0 0.527331 0.593071 0.242765 0.036685
0 0.325965 0.676630 0.180868 0.043478
0 0.550241 0.675951 0.193730 0.042120
0 0.833199 0.719429 0.164791 0.039402
0 0.657154 0.718071 0.180868 0.042120
0 0.303859 0.800272 0.175241 0.040761
0 0.723473 0.799592 0.152733 0.039402
0 0.168006 0.843750 0.167203 0.048913
0 0.419212 0.881793 0.253215 0.040761
